 #bar  #source  #destination  #group
   1       1         2           1   
   2       1        11           2   
   3       1        20           3   
   4       1        21           4   
   5       1        40           5   
   6       2        3            6   
   7       2        11           7   
   8       2        12           8   
   9       2        20           9   
  10       2        22          10   
  11       3         4          11   
  12       3        12          12   
  13       3        13          13   
  14       3        23          14   
  15       4         5          15   
  16       4        13          16   
  17       4        14          17   
  18       4        24          18   
  19       5         6          19   
  20       5        14          20   
  21       5        15          21   
  22       5        25          22   
  23       6         7          23   
  24       6        15          24   
  25       6        16          25   
  26       6        26          26   
  27       7         8          27   
  28       7        16          28   
  29       7        17          29   
  30       7        27          30   
  31       8         9          31   
  32       8        17          32   
  33       8        18          33   
  34       8        28          34   
  35       9        10          35   
  36       9        18          36   
  37       9        19          37   
  38       9        29          38   
  39      10        19          39   
  40      10        30          40   
  41      11        21          41   
  42      11        22          42   
  43      12        22          43   
  44      12        23          44   
  45      13        23          45   
  46      13        24          46   
  47      14        24          47   
  48      14        25          48   
  49      15        25          49   
  50      15        26          50   
  51      16        26          51   
  52      16        27          52   
  53      17        27          53   
  54      17        28          54   
  55      18        28          55   
  56      18        29          56   
  57      19        29          57   
  58      19        30          58   
  59      20        40          59   
  60      21        22           1   
  61      21        31           2   
  62      21        40           3   
  63      21        41           4   
  64      21        60           5   
  65      22        23           6   
  66      22        31           7   
  67      22        32           8   
  68      22        40           9   
  69      22        42          10   
  70      23        24          11   
  71      23        32          12   
  72      23        33          13   
  73      23        43          14   
  74      24        25          15   
  75      24        33          16   
  76      24        34          17   
  77      24        44          18   
  78      25        26          19   
  79      25        34          20   
  80      25        35          21   
  81      25        45          22   
  82      26        27          23   
  83      26        35          24   
  84      26        36          25   
  85      26        46          26   
  86      27        28          27   
  87      27        36          28   
  88      27        37          29   
  89      27        47          30   
  90      28        29          31   
  91      28        37          32   
  92      28        38          33   
  93      28        48          34   
  94      29        30          35   
  95      29        38          36   
  96      29        39          37   
  97      29        49          38   
  98      30        39          39   
  99      30        50          40   
 100      31        41          41   
 101      31        42          42   
 102      32        42          43   
 103      32        43          44   
 104      33        43          45   
 105      33        44          46   
 106      34        44          47   
 107      34        45          48   
 108      35        45          49   
 109      35        46          50   
 110      36        46          51   
 111      36        47          52   
 112      37        47          53   
 113      37        48          54   
 114      38        48          55   
 115      38        49          56   
 116      39        49          57   
 117      39        50          58   
 118      40        60          59   
 119      41        42           1   
 120      41        51           2   
 121      41        60           3   
 122      41        61           4   
 123      41        80           5   
 124      42        43           6   
 125      42        51           7   
 126      42        52           8   
 127      42        60           9   
 128      42        62          10   
 129      43        44          11   
 130      43        52          12   
 131      43        53          13   
 132      43        63          14   
 133      44        45          15   
 134      44        53          16   
 135      44        54          17   
 136      44        64          18   
 137      45        46          19   
 138      45        54          20   
 139      45        55          21   
 140      45        65          22   
 141      46        47          23   
 142      46        55          24   
 143      46        56          25   
 144      46        66          26   
 145      47        48          27   
 146      47        56          28   
 147      47        57          29   
 148      47        67          30   
 149      48        49          31   
 150      48        57          32   
 151      48        58          33   
 152      48        68          34   
 153      49        50          35   
 154      49        58          36   
 155      49        59          37   
 156      49        69          38   
 157      50        59          39   
 158      50        70          40   
 159      51        61          41   
 160      51        62          42   
 161      52        62          43   
 162      52        63          44   
 163      53        63          45   
 164      53        64          46   
 165      54        64          47   
 166      54        65          48   
 167      55        65          49   
 168      55        66          50   
 169      56        66          51   
 170      56        67          52   
 171      57        67          53   
 172      57        68          54   
 173      58        68          55   
 174      58        69          56   
 175      59        69          57   
 176      59        70          58   
 177      60        80          59   
 178      61        62           1   
 179      61        71           2   
 180      61        80           3   
 181      61        81           4   
 182      61       100           5   
 183      62        63           6   
 184      62        71           7   
 185      62        72           8   
 186      62        80           9   
 187      62        82          10   
 188      63        64          11   
 189      63        72          12   
 190      63        73          13   
 191      63        83          14   
 192      64        65          15   
 193      64        73          16   
 194      64        74          17   
 195      64        84          18   
 196      65        66          19   
 197      65        74          20   
 198      65        75          21   
 199      65        85          22   
 200      66        67          23   
 201      66        75          24   
 202      66        76          25   
 203      66        86          26   
 204      67        68          27   
 205      67        76          28   
 206      67        77          29   
 207      67        87          30   
 208      68        69          31   
 209      68        77          32   
 210      68        78          33   
 211      68        88          34   
 212      69        70          35   
 213      69        78          36   
 214      69        79          37   
 215      69        89          38   
 216      70        79          39   
 217      70        90          40   
 218      71        81          41   
 219      71        82          42   
 220      72        82          43   
 221      72        83          44   
 222      73        83          45   
 223      73        84          46   
 224      74        84          47   
 225      74        85          48   
 226      75        85          49   
 227      75        86          50   
 228      76        86          51   
 229      76        87          52   
 230      77        87          53   
 231      77        88          54   
 232      78        88          55   
 233      78        89          56   
 234      79        89          57   
 235      79        90          58   
 236      80       100          59   
 237      81        82           1   
 238      81        91           2   
 239      81       100           3   
 240      81       101           4   
 241      81       120           5   
 242      82        83           6   
 243      82        91           7   
 244      82        92           8   
 245      82       100           9   
 246      82       102          10   
 247      83        84          11   
 248      83        92          12   
 249      83        93          13   
 250      83       103          14   
 251      84        85          15   
 252      84        93          16   
 253      84        94          17   
 254      84       104          18   
 255      85        86          19   
 256      85        94          20   
 257      85        95          21   
 258      85       105          22   
 259      86        87          23   
 260      86        95          24   
 261      86        96          25   
 262      86       106          26   
 263      87        88          27   
 264      87        96          28   
 265      87        97          29   
 266      87       107          30   
 267      88        89          31   
 268      88        97          32   
 269      88        98          33   
 270      88       108          34   
 271      89        90          35   
 272      89        98          36   
 273      89        99          37   
 274      89       109          38   
 275      90        99          39   
 276      90       110          40   
 277      91       101          41   
 278      91       102          42   
 279      92       102          43   
 280      92       103          44   
 281      93       103          45   
 282      93       104          46   
 283      94       104          47   
 284      94       105          48   
 285      95       105          49   
 286      95       106          50   
 287      96       106          51   
 288      96       107          52   
 289      97       107          53   
 290      97       108          54   
 291      98       108          55   
 292      98       109          56   
 293      99       109          57   
 294      99       110          58   
 295     100       120          59   
 296     101       102           1   
 297     101       111           2   
 298     101       120           3   
 299     101       121           4   
 300     101       140           5   
 301     102       103           6   
 302     102       111           7   
 303     102       112           8   
 304     102       120           9   
 305     102       122          10   
 306     103       104          11   
 307     103       112          12   
 308     103       113          13   
 309     103       123          14   
 310     104       105          15   
 311     104       113          16   
 312     104       114          17   
 313     104       124          18   
 314     105       106          19   
 315     105       114          20   
 316     105       115          21   
 317     105       125          22   
 318     106       107          23   
 319     106       115          24   
 320     106       116          25   
 321     106       126          26   
 322     107       108          27   
 323     107       116          28   
 324     107       117          29   
 325     107       127          30   
 326     108       109          31   
 327     108       117          32   
 328     108       118          33   
 329     108       128          34   
 330     109       110          35   
 331     109       118          36   
 332     109       119          37   
 333     109       129          38   
 334     110       119          39   
 335     110       130          40   
 336     111       121          41   
 337     111       122          42   
 338     112       122          43   
 339     112       123          44   
 340     113       123          45   
 341     113       124          46   
 342     114       124          47   
 343     114       125          48   
 344     115       125          49   
 345     115       126          50   
 346     116       126          51   
 347     116       127          52   
 348     117       127          53   
 349     117       128          54   
 350     118       128          55   
 351     118       129          56   
 352     119       129          57   
 353     119       130          58   
 354     120       140          59   
 355     121       122           1   
 356     121       131           2   
 357     121       140           3   
 358     121       141           4   
 359     121       160           5   
 360     122       123           6   
 361     122       131           7   
 362     122       132           8   
 363     122       140           9   
 364     122       142          10   
 365     123       124          11   
 366     123       132          12   
 367     123       133          13   
 368     123       143          14   
 369     124       125          15   
 370     124       133          16   
 371     124       134          17   
 372     124       144          18   
 373     125       126          19   
 374     125       134          20   
 375     125       135          21   
 376     125       145          22   
 377     126       127          23   
 378     126       135          24   
 379     126       136          25   
 380     126       146          26   
 381     127       128          27   
 382     127       136          28   
 383     127       137          29   
 384     127       147          30   
 385     128       129          31   
 386     128       137          32   
 387     128       138          33   
 388     128       148          34   
 389     129       130          35   
 390     129       138          36   
 391     129       139          37   
 392     129       149          38   
 393     130       139          39   
 394     130       150          40   
 395     131       141          41   
 396     131       142          42   
 397     132       142          43   
 398     132       143          44   
 399     133       143          45   
 400     133       144          46   
 401     134       144          47   
 402     134       145          48   
 403     135       145          49   
 404     135       146          50   
 405     136       146          51   
 406     136       147          52   
 407     137       147          53   
 408     137       148          54   
 409     138       148          55   
 410     138       149          56   
 411     139       149          57   
 412     139       150          58   
 413     140       160          59   
 414     141       142           1   
 415     141       151           2   
 416     141       160           3   
 417     141       161           4   
 418     141       180           5   
 419     142       143           6   
 420     142       151           7   
 421     142       152           8   
 422     142       160           9   
 423     142       162          10   
 424     143       144          11   
 425     143       152          12   
 426     143       153          13   
 427     143       163          14   
 428     144       145          15   
 429     144       153          16   
 430     144       154          17   
 431     144       164          18   
 432     145       146          19   
 433     145       154          20   
 434     145       155          21   
 435     145       165          22   
 436     146       147          23   
 437     146       155          24   
 438     146       156          25   
 439     146       166          26   
 440     147       148          27   
 441     147       156          28   
 442     147       157          29   
 443     147       167          30   
 444     148       149          31   
 445     148       157          32   
 446     148       158          33   
 447     148       168          34   
 448     149       150          35   
 449     149       158          36   
 450     149       159          37   
 451     149       169          38   
 452     150       159          39   
 453     150       170          40   
 454     151       161          41   
 455     151       162          42   
 456     152       162          43   
 457     152       163          44   
 458     153       163          45   
 459     153       164          46   
 460     154       164          47   
 461     154       165          48   
 462     155       165          49   
 463     155       166          50   
 464     156       166          51   
 465     156       167          52   
 466     157       167          53   
 467     157       168          54   
 468     158       168          55   
 469     158       169          56   
 470     159       169          57   
 471     159       170          58   
 472     160       180          59   
 473     161       162           1   
 474     161       171           2   
 475     161       180           3   
 476     161       181           4   
 477     161       200           5   
 478     162       163           6   
 479     162       171           7   
 480     162       172           8   
 481     162       180           9   
 482     162       182          10   
 483     163       164          11   
 484     163       172          12   
 485     163       173          13   
 486     163       183          14   
 487     164       165          15   
 488     164       173          16   
 489     164       174          17   
 490     164       184          18   
 491     165       166          19   
 492     165       174          20   
 493     165       175          21   
 494     165       185          22   
 495     166       167          23   
 496     166       175          24   
 497     166       176          25   
 498     166       186          26   
 499     167       168          27   
 500     167       176          28   
 501     167       177          29   
 502     167       187          30   
 503     168       169          31   
 504     168       177          32   
 505     168       178          33   
 506     168       188          34   
 507     169       170          35   
 508     169       178          36   
 509     169       179          37   
 510     169       189          38   
 511     170       179          39   
 512     170       190          40   
 513     171       181          41   
 514     171       182          42   
 515     172       182          43   
 516     172       183          44   
 517     173       183          45   
 518     173       184          46   
 519     174       184          47   
 520     174       185          48   
 521     175       185          49   
 522     175       186          50   
 523     176       186          51   
 524     176       187          52   
 525     177       187          53   
 526     177       188          54   
 527     178       188          55   
 528     178       189          56   
 529     179       189          57   
 530     179       190          58   
 531     180       200          59   
 532     181       182           1   
 533     181       191           2   
 534     181       200           3   
 535     181       201           4   
 536     181       220           5   
 537     182       183           6   
 538     182       191           7   
 539     182       192           8   
 540     182       200           9   
 541     182       202          10   
 542     183       184          11   
 543     183       192          12   
 544     183       193          13   
 545     183       203          14   
 546     184       185          15   
 547     184       193          16   
 548     184       194          17   
 549     184       204          18   
 550     185       186          19   
 551     185       194          20   
 552     185       195          21   
 553     185       205          22   
 554     186       187          23   
 555     186       195          24   
 556     186       196          25   
 557     186       206          26   
 558     187       188          27   
 559     187       196          28   
 560     187       197          29   
 561     187       207          30   
 562     188       189          31   
 563     188       197          32   
 564     188       198          33   
 565     188       208          34   
 566     189       190          35   
 567     189       198          36   
 568     189       199          37   
 569     189       209          38   
 570     190       199          39   
 571     190       210          40   
 572     191       201          41   
 573     191       202          42   
 574     192       202          43   
 575     192       203          44   
 576     193       203          45   
 577     193       204          46   
 578     194       204          47   
 579     194       205          48   
 580     195       205          49   
 581     195       206          50   
 582     196       206          51   
 583     196       207          52   
 584     197       207          53   
 585     197       208          54   
 586     198       208          55   
 587     198       209          56   
 588     199       209          57   
 589     199       210          58   
 590     200       220          59   
 591     201       202           1   
 592     201       211           2   
 593     201       220           3   
 594     201       221           4   
 595     201       240           5   
 596     202       203           6   
 597     202       211           7   
 598     202       212           8   
 599     202       220           9   
 600     202       222          10   
 601     203       204          11   
 602     203       212          12   
 603     203       213          13   
 604     203       223          14   
 605     204       205          15   
 606     204       213          16   
 607     204       214          17   
 608     204       224          18   
 609     205       206          19   
 610     205       214          20   
 611     205       215          21   
 612     205       225          22   
 613     206       207          23   
 614     206       215          24   
 615     206       216          25   
 616     206       226          26   
 617     207       208          27   
 618     207       216          28   
 619     207       217          29   
 620     207       227          30   
 621     208       209          31   
 622     208       217          32   
 623     208       218          33   
 624     208       228          34   
 625     209       210          35   
 626     209       218          36   
 627     209       219          37   
 628     209       229          38   
 629     210       219          39   
 630     210       230          40   
 631     211       221          41   
 632     211       222          42   
 633     212       222          43   
 634     212       223          44   
 635     213       223          45   
 636     213       224          46   
 637     214       224          47   
 638     214       225          48   
 639     215       225          49   
 640     215       226          50   
 641     216       226          51   
 642     216       227          52   
 643     217       227          53   
 644     217       228          54   
 645     218       228          55   
 646     218       229          56   
 647     219       229          57   
 648     219       230          58   
 649     220       240          59   
 650     221       222           1   
 651     221       231           2   
 652     221       240           3   
 653     221       241           4   
 654     221       260           5   
 655     222       223           6   
 656     222       231           7   
 657     222       232           8   
 658     222       240           9   
 659     222       242          10   
 660     223       224          11   
 661     223       232          12   
 662     223       233          13   
 663     223       243          14   
 664     224       225          15   
 665     224       233          16   
 666     224       234          17   
 667     224       244          18   
 668     225       226          19   
 669     225       234          20   
 670     225       235          21   
 671     225       245          22   
 672     226       227          23   
 673     226       235          24   
 674     226       236          25   
 675     226       246          26   
 676     227       228          27   
 677     227       236          28   
 678     227       237          29   
 679     227       247          30   
 680     228       229          31   
 681     228       237          32   
 682     228       238          33   
 683     228       248          34   
 684     229       230          35   
 685     229       238          36   
 686     229       239          37   
 687     229       249          38   
 688     230       239          39   
 689     230       250          40   
 690     231       241          41   
 691     231       242          42   
 692     232       242          43   
 693     232       243          44   
 694     233       243          45   
 695     233       244          46   
 696     234       244          47   
 697     234       245          48   
 698     235       245          49   
 699     235       246          50   
 700     236       246          51   
 701     236       247          52   
 702     237       247          53   
 703     237       248          54   
 704     238       248          55   
 705     238       249          56   
 706     239       249          57   
 707     239       250          58   
 708     240       260          59   
 709     241       242           1   
 710     241       251           2   
 711     241       260           3   
 712     241       261           4   
 713     241       280           5   
 714     242       243           6   
 715     242       251           7   
 716     242       252           8   
 717     242       260           9   
 718     242       262          10   
 719     243       244          11   
 720     243       252          12   
 721     243       253          13   
 722     243       263          14   
 723     244       245          15   
 724     244       253          16   
 725     244       254          17   
 726     244       264          18   
 727     245       246          19   
 728     245       254          20   
 729     245       255          21   
 730     245       265          22   
 731     246       247          23   
 732     246       255          24   
 733     246       256          25   
 734     246       266          26   
 735     247       248          27   
 736     247       256          28   
 737     247       257          29   
 738     247       267          30   
 739     248       249          31   
 740     248       257          32   
 741     248       258          33   
 742     248       268          34   
 743     249       250          35   
 744     249       258          36   
 745     249       259          37   
 746     249       269          38   
 747     250       259          39   
 748     250       270          40   
 749     251       261          41   
 750     251       262          42   
 751     252       262          43   
 752     252       263          44   
 753     253       263          45   
 754     253       264          46   
 755     254       264          47   
 756     254       265          48   
 757     255       265          49   
 758     255       266          50   
 759     256       266          51   
 760     256       267          52   
 761     257       267          53   
 762     257       268          54   
 763     258       268          55   
 764     258       269          56   
 765     259       269          57   
 766     259       270          58   
 767     260       280          59   
 768     261       262           1   
 769     261       271           2   
 770     261       280           3   
 771     261       281           4   
 772     261       300           5   
 773     262       263           6   
 774     262       271           7   
 775     262       272           8   
 776     262       280           9   
 777     262       282          10   
 778     263       264          11   
 779     263       272          12   
 780     263       273          13   
 781     263       283          14   
 782     264       265          15   
 783     264       273          16   
 784     264       274          17   
 785     264       284          18   
 786     265       266          19   
 787     265       274          20   
 788     265       275          21   
 789     265       285          22   
 790     266       267          23   
 791     266       275          24   
 792     266       276          25   
 793     266       286          26   
 794     267       268          27   
 795     267       276          28   
 796     267       277          29   
 797     267       287          30   
 798     268       269          31   
 799     268       277          32   
 800     268       278          33   
 801     268       288          34   
 802     269       270          35   
 803     269       278          36   
 804     269       279          37   
 805     269       289          38   
 806     270       279          39   
 807     270       290          40   
 808     271       281          41   
 809     271       282          42   
 810     272       282          43   
 811     272       283          44   
 812     273       283          45   
 813     273       284          46   
 814     274       284          47   
 815     274       285          48   
 816     275       285          49   
 817     275       286          50   
 818     276       286          51   
 819     276       287          52   
 820     277       287          53   
 821     277       288          54   
 822     278       288          55   
 823     278       289          56   
 824     279       289          57   
 825     279       290          58   
 826     280       300          59   
 827     281       282           1   
 828     281       291           2   
 829     281       300           3   
 830     281       301           4   
 831     281       320           5   
 832     282       283           6   
 833     282       291           7   
 834     282       292           8   
 835     282       300           9   
 836     282       302          10   
 837     283       284          11   
 838     283       292          12   
 839     283       293          13   
 840     283       303          14   
 841     284       285          15   
 842     284       293          16   
 843     284       294          17   
 844     284       304          18   
 845     285       286          19   
 846     285       294          20   
 847     285       295          21   
 848     285       305          22   
 849     286       287          23   
 850     286       295          24   
 851     286       296          25   
 852     286       306          26   
 853     287       288          27   
 854     287       296          28   
 855     287       297          29   
 856     287       307          30   
 857     288       289          31   
 858     288       297          32   
 859     288       298          33   
 860     288       308          34   
 861     289       290          35   
 862     289       298          36   
 863     289       299          37   
 864     289       309          38   
 865     290       299          39   
 866     290       310          40   
 867     291       301          41   
 868     291       302          42   
 869     292       302          43   
 870     292       303          44   
 871     293       303          45   
 872     293       304          46   
 873     294       304          47   
 874     294       305          48   
 875     295       305          49   
 876     295       306          50   
 877     296       306          51   
 878     296       307          52   
 879     297       307          53   
 880     297       308          54   
 881     298       308          55   
 882     298       309          56   
 883     299       309          57   
 884     299       310          58   
 885     300       320          59   
 886     301       302           1   
 887     301       311           2   
 888     301       320           3   
 889     301       321           4   
 890     301       340           5   
 891     302       303           6   
 892     302       311           7   
 893     302       312           8   
 894     302       320           9   
 895     302       322          10   
 896     303       304          11   
 897     303       312          12   
 898     303       313          13   
 899     303       323          14   
 900     304       305          15   
 901     304       313          16   
 902     304       314          17   
 903     304       324          18   
 904     305       306          19   
 905     305       314          20   
 906     305       315          21   
 907     305       325          22   
 908     306       307          23   
 909     306       315          24   
 910     306       316          25   
 911     306       326          26   
 912     307       308          27   
 913     307       316          28   
 914     307       317          29   
 915     307       327          30   
 916     308       309          31   
 917     308       317          32   
 918     308       318          33   
 919     308       328          34   
 920     309       310          35   
 921     309       318          36   
 922     309       319          37   
 923     309       329          38   
 924     310       319          39   
 925     310       330          40   
 926     311       321          41   
 927     311       322          42   
 928     312       322          43   
 929     312       323          44   
 930     313       323          45   
 931     313       324          46   
 932     314       324          47   
 933     314       325          48   
 934     315       325          49   
 935     315       326          50   
 936     316       326          51   
 937     316       327          52   
 938     317       327          53   
 939     317       328          54   
 940     318       328          55   
 941     318       329          56   
 942     319       329          57   
 943     319       330          58   
 944     320       340          59   
 945     321       322           1   
 946     321       331           2   
 947     321       340           3   
 948     321       341           4   
 949     321       360           5   
 950     322       323           6   
 951     322       331           7   
 952     322       332           8   
 953     322       340           9   
 954     322       342          10   
 955     323       324          11   
 956     323       332          12   
 957     323       333          13   
 958     323       343          14   
 959     324       325          15   
 960     324       333          16   
 961     324       334          17   
 962     324       344          18   
 963     325       326          19   
 964     325       334          20   
 965     325       335          21   
 966     325       345          22   
 967     326       327          23   
 968     326       335          24   
 969     326       336          25   
 970     326       346          26   
 971     327       328          27   
 972     327       336          28   
 973     327       337          29   
 974     327       347          30   
 975     328       329          31   
 976     328       337          32   
 977     328       338          33   
 978     328       348          34   
 979     329       330          35   
 980     329       338          36   
 981     329       339          37   
 982     329       349          38   
 983     330       339          39   
 984     330       350          40   
 985     331       341          41   
 986     331       342          42   
 987     332       342          43   
 988     332       343          44   
 989     333       343          45   
 990     333       344          46   
 991     334       344          47   
 992     334       345          48   
 993     335       345          49   
 994     335       346          50   
 995     336       346          51   
 996     336       347          52   
 997     337       347          53   
 998     337       348          54   
 999     338       348          55   
1000     338       349          56   
1001     339       349          57   
1002     339       350          58   
1003     340       360          59   
1004     341       342           1   
1005     341       351           2   
1006     341       360           3   
1007     341       361           4   
1008     341       380           5   
1009     342       343           6   
1010     342       351           7   
1011     342       352           8   
1012     342       360           9   
1013     342       362          10   
1014     343       344          11   
1015     343       352          12   
1016     343       353          13   
1017     343       363          14   
1018     344       345          15   
1019     344       353          16   
1020     344       354          17   
1021     344       364          18   
1022     345       346          19   
1023     345       354          20   
1024     345       355          21   
1025     345       365          22   
1026     346       347          23   
1027     346       355          24   
1028     346       356          25   
1029     346       366          26   
1030     347       348          27   
1031     347       356          28   
1032     347       357          29   
1033     347       367          30   
1034     348       349          31   
1035     348       357          32   
1036     348       358          33   
1037     348       368          34   
1038     349       350          35   
1039     349       358          36   
1040     349       359          37   
1041     349       369          38   
1042     350       359          39   
1043     350       370          40   
1044     351       361          41   
1045     351       362          42   
1046     352       362          43   
1047     352       363          44   
1048     353       363          45   
1049     353       364          46   
1050     354       364          47   
1051     354       365          48   
1052     355       365          49   
1053     355       366          50   
1054     356       366          51   
1055     356       367          52   
1056     357       367          53   
1057     357       368          54   
1058     358       368          55   
1059     358       369          56   
1060     359       369          57   
1061     359       370          58   
1062     360       380          59   
1063     361       362           1   
1064     361       371           2   
1065     361       380           3   
1066     361       381           4   
1067     361       400           5   
1068     362       363           6   
1069     362       371           7   
1070     362       372           8   
1071     362       380           9   
1072     362       382          10   
1073     363       364          11   
1074     363       372          12   
1075     363       373          13   
1076     363       383          14   
1077     364       365          15   
1078     364       373          16   
1079     364       374          17   
1080     364       384          18   
1081     365       366          19   
1082     365       374          20   
1083     365       375          21   
1084     365       385          22   
1085     366       367          23   
1086     366       375          24   
1087     366       376          25   
1088     366       386          26   
1089     367       368          27   
1090     367       376          28   
1091     367       377          29   
1092     367       387          30   
1093     368       369          31   
1094     368       377          32   
1095     368       378          33   
1096     368       388          34   
1097     369       370          35   
1098     369       378          36   
1099     369       379          37   
1100     369       389          38   
1101     370       379          39   
1102     370       390          40   
1103     371       381          41   
1104     371       382          42   
1105     372       382          43   
1106     372       383          44   
1107     373       383          45   
1108     373       384          46   
1109     374       384          47   
1110     374       385          48   
1111     375       385          49   
1112     375       386          50   
1113     376       386          51   
1114     376       387          52   
1115     377       387          53   
1116     377       388          54   
1117     378       388          55   
1118     378       389          56   
1119     379       389          57   
1120     379       390          58   
1121     380       400          59   
1122     381       382           1   
1123     381       391           2   
1124     381       400           3   
1125     381         1           4   
1126     381        20           5   
1127     382       383           6   
1128     382       391           7   
1129     382       392           8   
1130     382       400           9   
1131     382         2          10   
1132     383       384          11   
1133     383       392          12   
1134     383       393          13   
1135     383         3          14   
1136     384       385          15   
1137     384       393          16   
1138     384       394          17   
1139     384         4          18   
1140     385       386          19   
1141     385       394          20   
1142     385       395          21   
1143     385         5          22   
1144     386       387          23   
1145     386       395          24   
1146     386       396          25   
1147     386         6          26   
1148     387       388          27   
1149     387       396          28   
1150     387       397          29   
1151     387         7          30   
1152     388       389          31   
1153     388       397          32   
1154     388       398          33   
1155     388         8          34   
1156     389       390          35   
1157     389       398          36   
1158     389       399          37   
1159     389         9          38   
1160     390       399          39   
1161     390        10          40   
1162     391         1          41   
1163     391         2          42   
1164     392         2          43   
1165     392         3          44   
1166     393         3          45   
1167     393         4          46   
1168     394         4          47   
1169     394         5          48   
1170     395         5          49   
1171     395         6          50   
1172     396         6          51   
1173     396         7          52   
1174     397         7          53   
1175     397         8          54   
1176     398         8          55   
1177     398         9          56   
1178     399         9          57   
1179     399        10          58   
1180     400        20          59   